% Purpose: declare global variables

global N Nfp Np K
global r x  VX
global Dr LIFT
global nx Fx Fscale
global vmapM vmapP vmapB mapB Fmask
global vmapI vmapO mapI mapO
global vmapTl vmapTr mapTl mapTr
global rx J
global rk4a rk4b rk4c
global Nfaces EToE EToF EToV
global V invV
global NODETOL

% Low storage Runge-Kutta coefficients
rk4a = [            0.0 ...
        -567301805773.0/1357537059087.0 ...
        -2404267990393.0/2016746695238.0 ...
        -3550918686646.0/2091501179385.0  ...
        -1275806237668.0/842570457699.0];
rk4b = [ 1432997174477.0/9575080441755.0 ...
         5161836677717.0/13612068292357.0 ...
         1720146321549.0/2090206949498.0  ...
         3134564353537.0/4481467310338.0  ...
         2277821191437.0/14882151754819.0];
rk4c = [             0.0  ...
         1432997174477.0/9575080441755.0 ...
         2526269341429.0/6820363962896.0 ...
         2006345519317.0/3224310063776.0 ...
         2802321613138.0/2924317926251.0];
 rk46a=[ 0.0 -0.737101392796 -1.634740794341 -0.744739003780 -1.469897351522 -2.813971388035];
 rk46b=[0.032918605146  0.823256998200 0.381530948900 0.200092213184 1.718581042715 0.27];
rkf84a = [0 -0.553443129450157 0.0106598757020349 -0.551581288893200 -1.88579037755874 -5.70129574279326 2.11390396566479 -0.533957882667528];
rkf84b = [0.0803793688273695 0.538849745856984 0.0197497440903196 0.0991184129733997 0.746692041106412 1.67958424561889 0.243372806700819 0.142273045900137];
rkf84c = [0 0.0803793688273695 0.321006425033843 0.340850182660466 0.385036482428547 0.504005247753410 0.657897756116854 0.948408762334848];