% Purpose: declare global variables

global Np Nfp N K
global r s 
global Dr Ds LIFT Drw Dsw MassMatrix
global Fx Fy nx ny jac Fscale J
global vmapM vmapP vmapB mapB Fmask
global BCType 
% mapI mapO mapW mapF mapC mapS mapM mapP mapD mapN
% global vmapI vmapO vmapW vmapO vmapC vmapS vmapD vmapN
global rx ry sx sy J sJ
global rk4a rk4b rk4c rkf84a rkf84b rkf84c CFL_DG_values
global Nfaces EToE EToF EToV
global V invV
global x y NODETOL VX VY

% Some curved mesh and cubature quadrature specific data
global cub gauss straight curved

%% my global
global dt rho0 c0 
% global cdt con1 con2 con3 con4 con5 con6 con7 con8 con9 con10 con11 con12
global mapIM vmapIM mapCN vmapCN mapS vmapS
% global mapp1 mapp2 mapp3 mapp4
% % global mapm1 mapm2 mapm3 mapm4 mapm5 mapm6 
% global vmapp1 vmapp2 vmapp3 vmapp4 
%%
In = 1; Out = 2; Wall = 3; Far = 4; Cyl = 5; Dirichlet = 6; Neuman = 7;
Slip = 11;CNRBC=12;Impedance=13; Interface=20; Fine=21;Coarse=22;
per1=21;per2=22;per3=23;per4=24;
% Low storage Runge-Kutta coefficients
rk4a = [            0.0 ...
        -567301805773.0/1357537059087.0 ...
        -2404267990393.0/2016746695238.0 ...
        -3550918686646.0/2091501179385.0  ...
        -1275806237668.0/842570457699.0];
rk4b = [ 1432997174477.0/9575080441755.0 ...
         5161836677717.0/13612068292357.0 ...
         1720146321549.0/2090206949498.0  ...
         3134564353537.0/4481467310338.0  ...
         2277821191437.0/14882151754819.0];
rk4c = [             0.0  ...
         1432997174477.0/9575080441755.0 ...
         2526269341429.0/6820363962896.0 ...
         2006345519317.0/3224310063776.0 ...
         2802321613138.0/2924317926251.0]; 
rkf84a = [0 -0.553443129450157 0.0106598757020349 -0.551581288893200 -1.88579037755874 -5.70129574279326 2.11390396566479 -0.533957882667528];
rkf84b = [0.0803793688273695 0.538849745856984 0.0197497440903196 0.0991184129733997 0.746692041106412 1.67958424561889 0.243372806700819 0.142273045900137];
rkf84c = [0 0.0803793688273695 0.321006425033843 0.340850182660466 0.385036482428547 0.504005247753410 0.657897756116854 0.948408762334848];

% Toulorge thesis. Error magnitude: (1) Emag=1dB; (2) Emag=0.1dB; (3) Emag=0.01dB; (4) Emag=0.001dB; (5) Emag=0.0001dB; 
CFL_DG_values = [1.19 0.619 0.394 0.276 0.206 0.16 0.127 0.104 0.0873 0.0742;...
    1.19 0.619 0.394 0.276 0.206 0.16 0.127 0.104 0.0873 0.0742;...
    1.19 0.619 0.394 0.276 0.206 0.16 0.127 0.104 0.0873 0.0742;...
    1.19 0.619 0.394 0.276 0.206 0.16 0.127 0.104 0.0873 0.0742;...
    1.19 0.619 0.394 0.266 0.177 0.13 0.101 0.0822 0.0692 0.0593];      % given in Toulorge thesis for optimized RK
Kh_DG_values = [1.45 3.42 5.56 7.78 10.1 12.4 14.7 17.1 19.4 21.8;...
    0.65 2.01 3.64 5.42 7.29 9.23 11.2 13.2 15.2 17.3;...
    0.299 1.23 2.51 3.96 5.54 7.2 8.95 10.7 12.6 14.4;...
    0.138 0.769 1.76 2.93 4.23 5.63 7.14 8.72 10.4 12.1;...
    0.0641 0.483 1.24 2.17 3.31 4.58 5.94 7.37 8.84 10.4];   
